NORMAL
DISTANCE cm             10        20        30        50        80
Simulator          35218.6    9017.5    4039.9    1492.7     588.1
DFRobot lux

UNIFORMITY
DISTANCE 50CM

Y +400
X scan                -400      -300      -200      -100         0       100       200       300       400
Simulator            283.2     364.6     444.6     453.0     446.2     500.7     452.4     359.1     280.6
DFRobot lux

Y +300
X scan                -400      -300      -200      -100         0       100       200       300       400
Simulator            296.5     412.8     513.4     582.6     747.6     572.8     502.6     393.4     307.8
DFRobot lux

Y +200
X scan                -400      -300      -200      -100         0       100       200       300       400
Simulator            382.0     589.1     833.4    1034.3    1124.3    1013.4     766.4     581.4     362.0
DFRobot lux

Y +100
X scan                -400      -300      -200      -100         0       100       200       300       400
Simulator            480.0     662.9    1047.4    1222.5    1345.5    1226.6    1008.8     674.0     473.0
DFRobot lux

Y center
X scan                -400      -300      -200      -100         0       100       200       300       400
Simulator            442.8     823.5    1144.2    1377.9    1492.7    1380.1    1093.3     802.1     425.0
DFRobot lux

Y -100
X scan                -400      -300      -200      -100         0       100       200       300       400
Simulator            462.9     692.8    1050.0    1258.9    1369.8    1240.4    1027.2     659.8     484.7
DFRobot lux

Y -200
X scan                -400      -300      -200      -100         0       100       200       300       400
Simulator            365.8     604.2     861.9    1063.8    1123.9    1035.5     864.3     578.4     364.5
DFRobot lux

Y -300
X scan                -400      -300      -200      -100         0       100       200       300       400
Simulator            308.1     396.7     529.5     592.9     746.0     595.0     504.2     408.5     311.7
DFRobot lux

Y -400
X scan                -400      -300      -200      -100         0       100       200       300       400
Simulator            286.1     355.0     437.7     470.5     436.8     493.6     440.8     359.2     275.5
DFRobot lux

