NORMAL
DISTANCE cm             10        20        30        50        80
Simulator              0.0       0.0   23353.6    9667.7    3088.3
DFRobot lux

UNIFORMITY
DISTANCE 50CM

Y +400
X scan                -400      -300      -200      -100         0       100       200       300       400
Simulator            713.9     978.9    1282.0    1552.8    1640.9    1519.3    1333.2    1085.5     781.8
DFRobot lux

Y +300
X scan                -400      -300      -200      -100         0       100       200       300       400
Simulator           1192.5    1719.9    2242.1    2490.1    2709.4    2546.4    2253.7    1658.0    1184.6
DFRobot lux

Y +200
X scan                -400      -300      -200      -100         0       100       200       300       400
Simulator           2098.8    2793.3    3280.3    4012.9    4248.0    4045.8    3421.5    2657.1    2056.7
DFRobot lux

Y +100
X scan                -400      -300      -200      -100         0       100       200       300       400
Simulator           2973.0    4758.0    6775.6    7110.8    6788.2    7013.9    6491.4    4706.7    3022.1
DFRobot lux

Y center
X scan                -400      -300      -200      -100         0       100       200       300       400
Simulator           3320.4    5581.8    8229.6    8992.6    9667.7    8903.3    7915.6    5552.0    3342.4
DFRobot lux

Y -100
X scan                -400      -300      -200      -100         0       100       200       300       400
Simulator           3057.4    4992.6    7202.7    7887.6    8067.7    7945.4    7084.2    4992.7    3097.1
DFRobot lux

Y -200
X scan                -400      -300      -200      -100         0       100       200       300       400
Simulator           2100.4    2765.7    4035.5    4685.7    5104.7    4651.9    3862.3    2995.3    2183.7
DFRobot lux

Y -300
X scan                -400      -300      -200      -100         0       100       200       300       400
Simulator           1236.0    1791.3    2264.0    2803.5    2759.1    2802.1    2206.9    1839.4    1292.5
DFRobot lux

Y -400
X scan                -400      -300      -200      -100         0       100       200       300       400
Simulator            791.8    1063.3    1357.3    1604.4    1603.7    1587.4    1351.1    1105.3     854.6
DFRobot lux

