NORMAL
DISTANCE cm             10        20        30        50        80
Simulator          19052.5    4898.4    2185.5     800.5     316.4
DFRobot lux

UNIFORMITY
DISTANCE 50CM

Y +400
X scan                -400      -300      -200      -100         0       100       200       300       400
Simulator            115.1     149.2     178.9     212.6     218.5     202.6     178.4     144.8     111.9
DFRobot lux

Y +300
X scan                -400      -300      -200      -100         0       100       200       300       400
Simulator            133.9     182.3     235.5     275.2     293.6     275.5     237.0     185.4     132.7
DFRobot lux

Y +200
X scan                -400      -300      -200      -100         0       100       200       300       400
Simulator            154.9     350.7     464.9     547.9     580.3     552.2     449.1     346.9     154.0
DFRobot lux

Y +100
X scan                -400      -300      -200      -100         0       100       200       300       400
Simulator            281.6     406.0     557.5     684.8     737.2     681.2     544.8     402.4     279.4
DFRobot lux

Y center
X scan                -400      -300      -200      -100         0       100       200       300       400
Simulator            299.2     441.2     588.9     737.8     800.5     732.1     583.2     435.0     290.3
DFRobot lux

Y -100
X scan                -400      -300      -200      -100         0       100       200       300       400
Simulator            288.9     409.6     560.9     681.8     726.5     691.4     559.7     412.9     286.2
DFRobot lux

Y -200
X scan                -400      -300      -200      -100         0       100       200       300       400
Simulator            152.2     349.2     464.8     558.4     598.2     546.3     455.5     348.7     151.5
DFRobot lux

Y -300
X scan                -400      -300      -200      -100         0       100       200       300       400
Simulator            133.2     179.6     243.6     279.2     293.0     270.8     232.9     185.2     130.6
DFRobot lux

Y -400
X scan                -400      -300      -200      -100         0       100       200       300       400
Simulator            116.9     146.8     182.7     210.6     220.6     211.3     186.9     149.4     114.0
DFRobot lux

