NORMAL
DISTANCE cm             10        20        30        50        80
Simulator           5645.3    8016.5    6532.6    3015.9    1347.0
DFRobot lux

UNIFORMITY
DISTANCE 50CM

Y +200
X scan                -400      -300      -200      -100         0       100       200       300       400
Simulator           1580.1    1986.1    2188.1    2440.2    2376.1    2361.2    2071.4    1923.5    1463.0
DFRobot lux

Y +100
X scan                -400      -300      -200      -100         0       100       200       300       400
Simulator           2023.9    2507.9    2717.7    2945.3    2709.6    2789.1    2685.2    2389.2    1765.3
DFRobot lux

Y center
X scan                -400      -300      -200      -100         0       100       200       300       400
Simulator           1886.8    2417.7    3034.6    3111.5    3015.9    3242.9    2806.4    2224.3    1693.7
DFRobot lux

Y -100
X scan                -400      -300      -200      -100         0       100       200       300       400
Simulator           1691.1    2255.2    2691.6    2718.9    2857.2    2622.6    2511.5    2056.9    1503.6
DFRobot lux

Y -200
X scan                -400      -300      -200      -100         0       100       200       300       400
Simulator           1434.7    1924.2    2233.1    2319.6    2377.6    2204.4    2119.7    1724.3    1325.8
DFRobot lux

