NORMAL
DISTANCE cm             10        20        30        50        80
Simulator          35245.4    9082.3    4105.9    1502.5     592.3
DFRobot lux

UNIFORMITY
DISTANCE 50CM

Y +400
X scan                -400      -300      -200      -100         0       100       200       300       400
Simulator            298.0     391.9     468.7     486.1     489.5     525.3     467.9     377.4     286.1
DFRobot lux

Y +300
X scan                -400      -300      -200      -100         0       100       200       300       400
Simulator            302.2     418.9     499.9     589.5     780.0     592.3     501.3     403.6     310.2
DFRobot lux

Y +200
X scan                -400      -300      -200      -100         0       100       200       300       400
Simulator            372.2     601.4     849.6    1042.0    1100.2    1010.1     760.9     583.3     351.2
DFRobot lux

Y +100
X scan                -400      -300      -200      -100         0       100       200       300       400
Simulator            480.4     673.1    1036.0    1228.3    1338.0    1232.0    1006.1     664.4     467.8
DFRobot lux

Y center
X scan                -400      -300      -200      -100         0       100       200       300       400
Simulator            440.6     809.0    1111.1    1364.6    1502.5    1384.9    1102.4     797.5     444.7
DFRobot lux

Y -100
X scan                -400      -300      -200      -100         0       100       200       300       400
Simulator            463.7     686.4    1058.8    1281.2    1365.2    1254.1    1028.3     665.7     481.9
DFRobot lux

Y -200
X scan                -400      -300      -200      -100         0       100       200       300       400
Simulator            366.9     611.6     871.0    1060.9    1121.7    1033.6     850.6     576.4     369.9
DFRobot lux

Y -300
X scan                -400      -300      -200      -100         0       100       200       300       400
Simulator            307.9     397.3     538.0     604.6     745.8     596.1     504.0     395.0     308.3
DFRobot lux

Y -400
X scan                -400      -300      -200      -100         0       100       200       300       400
Simulator            294.7     382.1     470.3     504.9     479.4     530.3     468.2     392.1     292.2
DFRobot lux

