NORMAL
DISTANCE cm             10        20        30        50        80
Simulator          35287.6    9081.3    4067.2    1479.2     576.1
DFRobot lux

UNIFORMITY
DISTANCE 50CM

Y +200
X scan                -400      -300      -200      -100         0       100       200       300       400
Simulator            282.9     631.2     837.4    1018.6    1074.8     995.6     851.6     632.7     288.0
DFRobot lux

Y +100
X scan                -400      -300      -200      -100         0       100       200       300       400
Simulator            526.2     755.9    1041.3    1252.0    1357.8    1249.9    1015.7     755.2     512.2
DFRobot lux

Y center
X scan                -400      -300      -200      -100         0       100       200       300       400
Simulator            553.9     798.6    1117.5    1361.9    1479.2    1359.4    1093.7     801.6     555.0
DFRobot lux

Y -100
X scan                -400      -300      -200      -100         0       100       200       300       400
Simulator            518.2     760.0    1043.5    1269.5    1381.1    1251.9     995.1     747.1     526.2
DFRobot lux

Y -200
X scan                -400      -300      -200      -100         0       100       200       300       400
Simulator            311.5     639.0     859.3    1035.0    1107.0    1024.3     839.2     634.2     309.3
DFRobot lux

