NORMAL
DISTANCE cm             10        20        30        50        80
Simulator          35251.3    9098.4    4066.0    1478.6     584.9
DFRobot lux

UNIFORMITY
DISTANCE 50CM

Y +400
X scan                -400      -300      -200      -100         0       100       200       300       400
Simulator            238.8     309.7     387.9     392.4     384.2     417.2     377.8     306.9     244.6
DFRobot lux

Y +300
X scan                -400      -300      -200      -100         0       100       200       300       400
Simulator            300.7     415.1     515.7     594.3     707.5     582.6     495.7     407.2     304.0
DFRobot lux

Y +200
X scan                -400      -300      -200      -100         0       100       200       300       400
Simulator            365.6     583.0     841.7    1021.7    1083.6     999.2     757.0     566.6     351.4
DFRobot lux

Y +100
X scan                -400      -300      -200      -100         0       100       200       300       400
Simulator            483.2     680.8    1025.6    1257.3    1351.2    1262.8    1004.0     669.6     478.6
DFRobot lux

Y center
X scan                -400      -300      -200      -100         0       100       200       300       400
Simulator            427.6     802.1    1100.2    1366.8    1478.6    1356.9    1099.9     806.0     425.2
DFRobot lux

Y -100
X scan                -400      -300      -200      -100         0       100       200       300       400
Simulator            467.1     688.0    1042.3    1276.9    1357.3    1269.1    1009.0     681.7     481.5
DFRobot lux

Y -200
X scan                -400      -300      -200      -100         0       100       200       300       400
Simulator            366.2     599.7     874.5    1047.9    1100.9    1030.6     846.2     589.6     360.7
DFRobot lux

Y -300
X scan                -400      -300      -200      -100         0       100       200       300       400
Simulator            306.4     410.2     521.7     587.3     713.5     604.6     515.4     405.1     308.2
DFRobot lux

Y -400
X scan                -400      -300      -200      -100         0       100       200       300       400
Simulator            248.6     324.5     384.1     394.8     380.9     417.4     375.4     314.0     249.8
DFRobot lux

